-1 -1 -1 -1 -1 -1 -1 -1 
-1 -1 -1 -1 -1 -1 -1 -1 
-1 -1 -1 -1 -1 -1 -1 -1 
-1 -1 -1 -1 -1 -1 -1 -1 
16.1468 36.0825 16.701 316.792 295.06 433.027 130.917 48.5798 
16.1468 36.0825 16.701 316.792 295.06 433.027 130.917 48.5798 
16.1468 36.0825 16.701 316.792 295.06 433.027 130.917 48.5798 
16.1468 36.0825 16.701 316.792 295.06 433.027 130.917 48.5798 
15.0361 48.8763 57.569 221.986 235.146 482.005 107.171 16.7376 
15.0361 48.8763 57.569 221.986 235.146 482.005 107.171 16.7376 
15.0361 48.8763 57.569 221.986 235.146 482.005 107.171 16.7376 
15.0361 48.8763 57.569 221.986 235.146 482.005 107.171 16.7376 
31.1731 14.1475 52.442 197.928 212.151 511.424 139.783 48.3135 
31.1731 14.1475 52.442 197.928 212.151 511.424 139.783 48.3135 
31.1731 14.1475 52.442 197.928 212.151 511.424 139.783 48.3135 
31.1731 14.1475 52.442 197.928 212.151 511.424 139.783 48.3135 
12.5719 53.7459 49.57 155.656 113.989 495.94 114.787 53.1823 
12.5719 53.7459 49.57 155.656 113.989 495.94 114.787 53.1823 
12.5719 53.7459 49.57 155.656 113.989 495.94 114.787 53.1823 
12.5719 53.7459 49.57 155.656 113.989 495.94 114.787 53.1823 
15.1347 36.0866 23.7164 116.963 94.6009 472.338 160.221 26.1046 
15.1347 36.0866 23.7164 116.963 94.6009 472.338 160.221 26.1046 
15.1347 36.0866 23.7164 116.963 94.6009 472.338 160.221 26.1046 
15.1347 36.0866 23.7164 116.963 94.6009 472.338 160.221 26.1046 
15.4272 30.668 39.4393 67.0734 107.022 416.143 112.428 22.3888 
15.4272 30.668 39.4393 67.0734 107.022 416.143 112.428 22.3888 
15.4272 30.668 39.4393 67.0734 107.022 416.143 112.428 22.3888 
15.4272 30.668 39.4393 67.0734 107.022 416.143 112.428 22.3888 
35.5304 15.0769 27.9169 77.2503 70.8187 415.646 153.767 28.0638 
35.5304 15.0769 27.9169 77.2503 70.8187 415.646 153.767 28.0638 
35.5304 15.0769 27.9169 77.2503 70.8187 415.646 153.767 28.0638 
35.5304 15.0769 27.9169 77.2503 70.8187 415.646 153.767 28.0638 
56.8926 19.3867 48.8797 54.2425 51.8154 517.917 131.926 29.8172 
56.8926 19.3867 48.8797 54.2425 51.8154 517.917 131.926 29.8172 
56.8926 19.3867 48.8797 54.2425 51.8154 517.917 131.926 29.8172 
56.8926 19.3867 48.8797 54.2425 51.8154 517.917 131.926 29.8172 
21.3404 10.6121 23.7097 67.4732 51.9356 417.61 121.124 21.1921 
21.3404 10.6121 23.7097 67.4732 51.9356 417.61 121.124 21.1921 
21.3404 10.6121 23.7097 67.4732 51.9356 417.61 121.124 21.1921 
21.3404 10.6121 23.7097 67.4732 51.9356 417.61 121.124 21.1921 
40.903 10.1896 25.7101 46.5231 46.1329 454.02 150.48 57.0448 
40.903 10.1896 25.7101 46.5231 46.1329 454.02 150.48 57.0448 
40.903 10.1896 25.7101 46.5231 46.1329 454.02 150.48 57.0448 
40.903 10.1896 25.7101 46.5231 46.1329 454.02 150.48 57.0448 
56.0352 33.9736 56.0298 20.7534 45.1781 482.567 146.203 41.8234 
56.0352 33.9736 56.0298 20.7534 45.1781 482.567 146.203 41.8234 
56.0352 33.9736 56.0298 20.7534 45.1781 482.567 146.203 41.8234 
56.0352 33.9736 56.0298 20.7534 45.1781 482.567 146.203 41.8234 
53.6115 56.9592 31.8254 25.3685 19.2998 452.712 139.477 14.2984 
53.6115 56.9592 31.8254 25.3685 19.2998 452.712 139.477 14.2984 
53.6115 56.9592 31.8254 25.3685 19.2998 452.712 139.477 14.2984 
53.6115 56.9592 31.8254 25.3685 19.2998 452.712 139.477 14.2984 
37.0555 18.4848 18.0134 33.2031 40.3144 480.794 103.124 26.0241 
37.0555 18.4848 18.0134 33.2031 40.3144 480.794 103.124 26.0241 
37.0555 18.4848 18.0134 33.2031 40.3144 480.794 103.124 26.0241 
37.0555 18.4848 18.0134 33.2031 40.3144 480.794 103.124 26.0241 
52.5361 14.1397 28.1037 22.031 20.1692 510.586 122.562 21.8506 
52.5361 14.1397 28.1037 22.031 20.1692 510.586 122.562 21.8506 
52.5361 14.1397 28.1037 22.031 20.1692 510.586 122.562 21.8506 
52.5361 14.1397 28.1037 22.031 20.1692 510.586 122.562 21.8506 
36.1645 11.3491 31.8162 36.2524 39.3181 484.149 110.637 26.7403 
36.1645 11.3491 31.8162 36.2524 39.3181 484.149 110.637 26.7403 
36.1645 11.3491 31.8162 36.2524 39.3181 484.149 110.637 26.7403 
36.1645 11.3491 31.8162 36.2524 39.3181 484.149 110.637 26.7403 
15.4514 32.7879 27.4569 20.6409 40.6525 475.887 120.442 18.359 
15.4514 32.7879 27.4569 20.6409 40.6525 475.887 120.442 18.359 
15.4514 32.7879 27.4569 20.6409 40.6525 475.887 120.442 18.359 
15.4514 32.7879 27.4569 20.6409 40.6525 475.887 120.442 18.359 
14.0887 53.816 13.3264 38.3496 38.5465 466.114 144.894 49.1699 
14.0887 53.816 13.3264 38.3496 38.5465 466.114 144.894 49.1699 
14.0887 53.816 13.3264 38.3496 38.5465 466.114 144.894 49.1699 
14.0887 53.816 13.3264 38.3496 38.5465 466.114 144.894 49.1699 
50.4286 41.518 12.9462 41.0498 24.3366 491.512 128.226 47.906 
50.4286 41.518 12.9462 41.0498 24.3366 491.512 128.226 47.906 
50.4286 41.518 12.9462 41.0498 24.3366 491.512 128.226 47.906 
50.4286 41.518 12.9462 41.0498 24.3366 491.512 128.226 47.906 
39.5159 56.9986 45.3631 15.7197 37.3673 437.518 146.634 48.2429 
39.5159 56.9986 45.3631 15.7197 37.3673 437.518 146.634 48.2429 
39.5159 56.9986 45.3631 15.7197 37.3673 437.518 146.634 48.2429 
39.5159 56.9986 45.3631 15.7197 37.3673 437.518 146.634 48.2429 
53.1746 37.6431 32.6826 16.8521 42.3635 414.981 143.636 16.5658 
53.1746 37.6431 32.6826 16.8521 42.3635 414.981 143.636 16.5658 
53.1746 37.6431 32.6826 16.8521 42.3635 414.981 143.636 16.5658 
53.1746 37.6431 32.6826 16.8521 42.3635 414.981 143.636 16.5658 
25.378 54.4532 13.3032 39.3323 44.3733 494.422 137.45 45.5185 
25.378 54.4532 13.3032 39.3323 44.3733 494.422 137.45 45.5185 
25.378 54.4532 13.3032 39.3323 44.3733 494.422 137.45 45.5185 
25.378 54.4532 13.3032 39.3323 44.3733 494.422 137.45 45.5185 
52.5605 38.5525 55.7177 28.6612 11.2753 472.508 125.819 34.8161 
52.5605 38.5525 55.7177 28.6612 11.2753 472.508 125.819 34.8161 
52.5605 38.5525 55.7177 28.6612 11.2753 472.508 125.819 34.8161 
52.5605 38.5525 55.7177 28.6612 11.2753 472.508 125.819 34.8161 
17.7572 21.4792 154.516 34.1776 29.9625 461.115 129.868 52.3157 
17.7572 21.4792 154.516 34.1776 29.9625 461.115 129.868 52.3157 
17.7572 21.4792 154.516 34.1776 29.9625 461.115 129.868 52.3157 
17.7572 21.4792 154.516 34.1776 29.9625 461.115 129.868 52.3157 
57.2376 52.5428 102.16 17.4197 20.8677 447.029 164.269 34.7878 
57.2376 52.5428 102.16 17.4197 20.8677 447.029 164.269 34.7878 
57.2376 52.5428 102.16 17.4197 20.8677 447.029 164.269 34.7878 
57.2376 52.5428 102.16 17.4197 20.8677 447.029 164.269 34.7878 
24.6634 42.018 113.732 48.3624 52.9268 485.996 160.153 30.7634 
24.6634 42.018 113.732 48.3624 52.9268 485.996 160.153 30.7634 
24.6634 42.018 113.732 48.3624 52.9268 485.996 160.153 30.7634 
24.6634 42.018 113.732 48.3624 52.9268 485.996 160.153 30.7634 
28.522 22.9131 98.4863 10.882 13.2578 488.643 139.589 22.677 
28.522 22.9131 98.4863 10.882 13.2578 488.643 139.589 22.677 
28.522 22.9131 98.4863 10.882 13.2578 488.643 139.589 22.677 
28.522 22.9131 98.4863 10.882 13.2578 488.643 139.589 22.677 
16.6098 13.7828 128.23 53.6107 26.7134 422.924 143.412 49.8693 
16.6098 13.7828 128.23 53.6107 26.7134 422.924 143.412 49.8693 
16.6098 13.7828 128.23 53.6107 26.7134 422.924 143.412 49.8693 
16.6098 13.7828 128.23 53.6107 26.7134 422.924 143.412 49.8693 
18.0874 48.4732 102.983 25.8481 56.5027 420.052 116.588 11.0114 
18.0874 48.4732 102.983 25.8481 56.5027 420.052 116.588 11.0114 
18.0874 48.4732 102.983 25.8481 56.5027 420.052 116.588 11.0114 
18.0874 48.4732 102.983 25.8481 56.5027 420.052 116.588 11.0114 
18.3568 37.8984 103.955 22.8949 21.4345 503.957 157.473 38.5601 
18.3568 37.8984 103.955 22.8949 21.4345 503.957 157.473 38.5601 
18.3568 37.8984 103.955 22.8949 21.4345 503.957 157.473 38.5601 
18.3568 37.8984 103.955 22.8949 21.4345 503.957 157.473 38.5601 
35.6673 24.1456 104.798 34.2181 24.4361 514.666 129.093 11.7974 
35.6673 24.1456 104.798 34.2181 24.4361 514.666 129.093 11.7974 
35.6673 24.1456 104.798 34.2181 24.4361 514.666 129.093 11.7974 
35.6673 24.1456 104.798 34.2181 24.4361 514.666 129.093 11.7974 
57.2497 43.1063 130.576 45.2378 12.8005 514.824 128.692 43.4487 
57.2497 43.1063 130.576 45.2378 12.8005 514.824 128.692 43.4487 
57.2497 43.1063 130.576 45.2378 12.8005 514.824 128.692 43.4487 
57.2497 43.1063 130.576 45.2378 12.8005 514.824 128.692 43.4487 
14.6295 34.2441 130.812 17.2738 35.5713 476.383 143.251 23.2411 
14.6295 34.2441 130.812 17.2738 35.5713 476.383 143.251 23.2411 
14.6295 34.2441 130.812 17.2738 35.5713 476.383 143.251 23.2411 
14.6295 34.2441 130.812 17.2738 35.5713 476.383 143.251 23.2411 
46.6503 35.0531 133.161 51.6921 47.8372 424.684 119.205 37.6003 
46.6503 35.0531 133.161 51.6921 47.8372 424.684 119.205 37.6003 
46.6503 35.0531 133.161 51.6921 47.8372 424.684 119.205 37.6003 
46.6503 35.0531 133.161 51.6921 47.8372 424.684 119.205 37.6003 
31.8747 41.5804 153.231 54.1282 48.0692 479.468 147.785 12.6567 
31.8747 41.5804 153.231 54.1282 48.0692 479.468 147.785 12.6567 
31.8747 41.5804 153.231 54.1282 48.0692 479.468 147.785 12.6567 
31.8747 41.5804 153.231 54.1282 48.0692 479.468 147.785 12.6567 
57.7279 19.6317 103.499 30.6769 19.4797 462.149 158.052 25.7879 
57.7279 19.6317 103.499 30.6769 19.4797 462.149 158.052 25.7879 
57.7279 19.6317 103.499 30.6769 19.4797 462.149 158.052 25.7879 
57.7279 19.6317 103.499 30.6769 19.4797 462.149 158.052 25.7879 
37.4076 32.8125 102.658 44.0086 52.9405 458.158 130.441 51.8084 
37.4076 32.8125 102.658 44.0086 52.9405 458.158 130.441 51.8084 
37.4076 32.8125 102.658 44.0086 52.9405 458.158 130.441 51.8084 
37.4076 32.8125 102.658 44.0086 52.9405 458.158 130.441 51.8084 
53.4225 27.3592 97.48 45.2588 51.6776 501.604 143.342 35.2859 
53.4225 27.3592 97.48 45.2588 51.6776 501.604 143.342 35.2859 
53.4225 27.3592 97.48 45.2588 51.6776 501.604 143.342 35.2859 
53.4225 27.3592 97.48 45.2588 51.6776 501.604 143.342 35.2859 
14.5968 39.5973 153.547 48.7406 32.6623 502.844 121.788 46.053 
14.5968 39.5973 153.547 48.7406 32.6623 502.844 121.788 46.053 
14.5968 39.5973 153.547 48.7406 32.6623 502.844 121.788 46.053 
14.5968 39.5973 153.547 48.7406 32.6623 502.844 121.788 46.053 
17.532 56.3208 140.896 33.1865 52.7104 460.39 126.564 26.5128 
17.532 56.3208 140.896 33.1865 52.7104 460.39 126.564 26.5128 
17.532 56.3208 140.896 33.1865 52.7104 460.39 126.564 26.5128 
17.532 56.3208 140.896 33.1865 52.7104 460.39 126.564 26.5128 
52.876 20.1884 137.58 28.6337 13.3028 431.998 124.517 16.1656 
52.876 20.1884 137.58 28.6337 13.3028 431.998 124.517 16.1656 
52.876 20.1884 137.58 28.6337 13.3028 431.998 124.517 16.1656 
52.876 20.1884 137.58 28.6337 13.3028 431.998 124.517 16.1656 
42.8512 37.4777 139.785 37.6245 38.6545 515.31 127.978 43.8636 
42.8512 37.4777 139.785 37.6245 38.6545 515.31 127.978 43.8636 
42.8512 37.4777 139.785 37.6245 38.6545 515.31 127.978 43.8636 
42.8512 37.4777 139.785 37.6245 38.6545 515.31 127.978 43.8636 
21.4018 43.307 141.373 17.2104 29.4667 477.437 122.138 45.3512 
21.4018 43.307 141.373 17.2104 29.4667 477.437 122.138 45.3512 
21.4018 43.307 141.373 17.2104 29.4667 477.437 122.138 45.3512 
21.4018 43.307 141.373 17.2104 29.4667 477.437 122.138 45.3512 
34.9736 26.1506 154.76 51.5318 44.7278 432.045 138.891 15.7358 
34.9736 26.1506 154.76 51.5318 44.7278 432.045 138.891 15.7358 
34.9736 26.1506 154.76 51.5318 44.7278 432.045 138.891 15.7358 
34.9736 26.1506 154.76 51.5318 44.7278 432.045 138.891 15.7358 
14.5005 36.3832 144.863 21.2747 54.3963 483.234 121.29 56.0322 
14.5005 36.3832 144.863 21.2747 54.3963 483.234 121.29 56.0322 
14.5005 36.3832 144.863 21.2747 54.3963 483.234 121.29 56.0322 
14.5005 36.3832 144.863 21.2747 54.3963 483.234 121.29 56.0322 
51.3449 23.1725 116.437 37.9867 43.4907 448.899 120.067 44.7748 
51.3449 23.1725 116.437 37.9867 43.4907 448.899 120.067 44.7748 
51.3449 23.1725 116.437 37.9867 43.4907 448.899 120.067 44.7748 
51.3449 23.1725 116.437 37.9867 43.4907 448.899 120.067 44.7748 
38.5917 49.3584 132.689 53.9699 50.5049 466.057 106.286 10.9976 
38.5917 49.3584 132.689 53.9699 50.5049 466.057 106.286 10.9976 
38.5917 49.3584 132.689 53.9699 50.5049 466.057 106.286 10.9976 
38.5917 49.3584 132.689 53.9699 50.5049 466.057 106.286 10.9976 
34.1066 32.5818 134.924 22.4817 56.2042 442.47 152.591 25.7951 
34.1066 32.5818 134.924 22.4817 56.2042 442.47 152.591 25.7951 
34.1066 32.5818 134.924 22.4817 56.2042 442.47 152.591 25.7951 
34.1066 32.5818 134.924 22.4817 56.2042 442.47 152.591 25.7951 
14.9546 41.125 120.553 36.2646 35.2454 522.259 122.158 23.0227 
14.9546 41.125 120.553 36.2646 35.2454 522.259 122.158 23.0227 
14.9546 41.125 120.553 36.2646 35.2454 522.259 122.158 23.0227 
14.9546 41.125 120.553 36.2646 35.2454 522.259 122.158 23.0227 
20.4967 50.3722 154.955 50.0793 26.6217 445.546 127.285 27.162 
20.4967 50.3722 154.955 50.0793 26.6217 445.546 127.285 27.162 
20.4967 50.3722 154.955 50.0793 26.6217 445.546 127.285 27.162 
20.4967 50.3722 154.955 50.0793 26.6217 445.546 127.285 27.162 
33.1418 56.5203 133.772 23.9676 17.7995 496.516 108.822 29.5568 
33.1418 56.5203 133.772 23.9676 17.7995 496.516 108.822 29.5568 
33.1418 56.5203 133.772 23.9676 17.7995 496.516 108.822 29.5568 
33.1418 56.5203 133.772 23.9676 17.7995 496.516 108.822 29.5568 
17.31 55.1325 141.751 55.9108 40.4488 445.23 109.555 44.7838 
17.31 55.1325 141.751 55.9108 40.4488 445.23 109.555 44.7838 
17.31 55.1325 141.751 55.9108 40.4488 445.23 109.555 44.7838 
17.31 55.1325 141.751 55.9108 40.4488 445.23 109.555 44.7838 
27.4545 54.7183 138.673 20.5166 30.6232 417.916 153.151 43.3671 
27.4545 54.7183 138.673 20.5166 30.6232 417.916 153.151 43.3671 
27.4545 54.7183 138.673 20.5166 30.6232 417.916 153.151 43.3671 
27.4545 54.7183 138.673 20.5166 30.6232 417.916 153.151 43.3671 
30.6115 44.3914 123.976 30.4122 11.0316 487.037 131.355 40.5697 
30.6115 44.3914 123.976 30.4122 11.0316 487.037 131.355 40.5697 
30.6115 44.3914 123.976 30.4122 11.0316 487.037 131.355 40.5697 
30.6115 44.3914 123.976 30.4122 11.0316 487.037 131.355 40.5697 
34.1489 32.8044 100.174 22.8542 34.6774 507.733 152.14 28.1328 
34.1489 32.8044 100.174 22.8542 34.6774 507.733 152.14 28.1328 
34.1489 32.8044 100.174 22.8542 34.6774 507.733 152.14 28.1328 
34.1489 32.8044 100.174 22.8542 34.6774 507.733 152.14 28.1328 
38.7126 48.4305 154.744 53.298 27.8678 416.323 141.546 15.5888 
38.7126 48.4305 154.744 53.298 27.8678 416.323 141.546 15.5888 
38.7126 48.4305 154.744 53.298 27.8678 416.323 141.546 15.5888 
38.7126 48.4305 154.744 53.298 27.8678 416.323 141.546 15.5888 
21.4274 15.3706 133.827 14.8331 39.9977 425.969 136.037 28.2286 
21.4274 15.3706 133.827 14.8331 39.9977 425.969 136.037 28.2286 
21.4274 15.3706 133.827 14.8331 39.9977 425.969 136.037 28.2286 
21.4274 15.3706 133.827 14.8331 39.9977 425.969 136.037 28.2286 
44.2756 19.4998 117.539 36.5783 57.4687 426.774 150.721 39.0551 
44.2756 19.4998 117.539 36.5783 57.4687 426.774 150.721 39.0551 
44.2756 19.4998 117.539 36.5783 57.4687 426.774 150.721 39.0551 
44.2756 19.4998 117.539 36.5783 57.4687 426.774 150.721 39.0551 
26.9975 48.8277 109.584 21.9371 44.9045 424.464 134.698 31.783 
26.9975 48.8277 109.584 21.9371 44.9045 424.464 134.698 31.783 
26.9975 48.8277 109.584 21.9371 44.9045 424.464 134.698 31.783 
26.9975 48.8277 109.584 21.9371 44.9045 424.464 134.698 31.783 
16.8122 41.9627 137.387 29.7144 38.9521 466.641 155.085 27.2892 
16.8122 41.9627 137.387 29.7144 38.9521 466.641 155.085 27.2892 
16.8122 41.9627 137.387 29.7144 38.9521 466.641 155.085 27.2892 
16.8122 41.9627 137.387 29.7144 38.9521 466.641 155.085 27.2892 
51.1438 25.1221 143.872 37.1681 56.9041 469.91 149.586 55.5968 
51.1438 25.1221 143.872 37.1681 56.9041 469.91 149.586 55.5968 
51.1438 25.1221 143.872 37.1681 56.9041 469.91 149.586 55.5968 
51.1438 25.1221 143.872 37.1681 56.9041 469.91 149.586 55.5968 
25.7626 31.5123 146.21 10.6939 26.647 476.662 135.389 46.2348 
25.7626 31.5123 146.21 10.6939 26.647 476.662 135.389 46.2348 
25.7626 31.5123 146.21 10.6939 26.647 476.662 135.389 46.2348 
25.7626 31.5123 146.21 10.6939 26.647 476.662 135.389 46.2348 
23.0843 17.9656 115.013 43.4717 43.8254 488.648 121.004 25.3871 
23.0843 17.9656 115.013 43.4717 43.8254 488.648 121.004 25.3871 
23.0843 17.9656 115.013 43.4717 43.8254 488.648 121.004 25.3871 
23.0843 17.9656 115.013 43.4717 43.8254 488.648 121.004 25.3871 
44.26 42.8809 137.943 44.6069 30.6346 522.699 143.242 45.7789 
44.26 42.8809 137.943 44.6069 30.6346 522.699 143.242 45.7789 
44.26 42.8809 137.943 44.6069 30.6346 522.699 143.242 45.7789 
44.26 42.8809 137.943 44.6069 30.6346 522.699 143.242 45.7789 
35.1429 32.8072 112.764 38.2085 36.3418 433.088 150.775 30.9896 
35.1429 32.8072 112.764 38.2085 36.3418 433.088 150.775 30.9896 
35.1429 32.8072 112.764 38.2085 36.3418 433.088 150.775 30.9896 
35.1429 32.8072 112.764 38.2085 36.3418 433.088 150.775 30.9896 
32.2482 57.6829 110.607 33.8773 17.1298 451.069 135.656 54.573 
32.2482 57.6829 110.607 33.8773 17.1298 451.069 135.656 54.573 
32.2482 57.6829 110.607 33.8773 17.1298 451.069 135.656 54.573 
32.2482 57.6829 110.607 33.8773 17.1298 451.069 135.656 54.573 
52.1628 43.7908 153.965 41.6878 14.7327 441.496 105.584 26.7197 
52.1628 43.7908 153.965 41.6878 14.7327 441.496 105.584 26.7197 
52.1628 43.7908 153.965 41.6878 14.7327 441.496 105.584 26.7197 
52.1628 43.7908 153.965 41.6878 14.7327 441.496 105.584 26.7197 
28.517 18.0492 150.14 51.2555 16.9087 472.408 124.327 49.3938 
28.517 18.0492 150.14 51.2555 16.9087 472.408 124.327 49.3938 
28.517 18.0492 150.14 51.2555 16.9087 472.408 124.327 49.3938 
28.517 18.0492 150.14 51.2555 16.9087 472.408 124.327 49.3938 
38.3594 22.4332 144.754 26.3154 30.2229 451.734 109.108 15.1741 
38.3594 22.4332 144.754 26.3154 30.2229 451.734 109.108 15.1741 
38.3594 22.4332 144.754 26.3154 30.2229 451.734 109.108 15.1741 
38.3594 22.4332 144.754 26.3154 30.2229 451.734 109.108 15.1741 
26.1481 20.5031 117.101 39.4292 23.8547 429.644 113.717 42.099 
26.1481 20.5031 117.101 39.4292 23.8547 429.644 113.717 42.099 
26.1481 20.5031 117.101 39.4292 23.8547 429.644 113.717 42.099 
26.1481 20.5031 117.101 39.4292 23.8547 429.644 113.717 42.099 
25.648 53.7123 147.092 57.8566 27.9946 429.909 126.273 41.0482 
25.648 53.7123 147.092 57.8566 27.9946 429.909 126.273 41.0482 
25.648 53.7123 147.092 57.8566 27.9946 429.909 126.273 41.0482 
25.648 53.7123 147.092 57.8566 27.9946 429.909 126.273 41.0482 
47.4636 13.2629 123.495 15.9666 25.3708 423.143 122.065 57.2209 
47.4636 13.2629 123.495 15.9666 25.3708 423.143 122.065 57.2209 
47.4636 13.2629 123.495 15.9666 25.3708 423.143 122.065 57.2209 
47.4636 13.2629 123.495 15.9666 25.3708 423.143 122.065 57.2209 
50.6486 26.7798 125.164 38.6031 13.7542 466.059 132.716 52.5823 
50.6486 26.7798 125.164 38.6031 13.7542 466.059 132.716 52.5823 
50.6486 26.7798 125.164 38.6031 13.7542 466.059 132.716 52.5823 
50.6486 26.7798 125.164 38.6031 13.7542 466.059 132.716 52.5823 
24.8041 41.1883 145.866 17.1738 17.5239 467.362 162.985 15.6703 
24.8041 41.1883 145.866 17.1738 17.5239 467.362 162.985 15.6703 
24.8041 41.1883 145.866 17.1738 17.5239 467.362 162.985 15.6703 
24.8041 41.1883 145.866 17.1738 17.5239 467.362 162.985 15.6703 
32.1622 53.3041 95.5607 23.507 45.7425 491.628 151.408 41.635 
32.1622 53.3041 95.5607 23.507 45.7425 491.628 151.408 41.635 
32.1622 53.3041 95.5607 23.507 45.7425 491.628 151.408 41.635 
32.1622 53.3041 95.5607 23.507 45.7425 491.628 151.408 41.635 
23.5211 20.741 144.543 14.2724 55.4789 454.654 138.28 53.7704 
23.5211 20.741 144.543 14.2724 55.4789 454.654 138.28 53.7704 
23.5211 20.741 144.543 14.2724 55.4789 454.654 138.28 53.7704 
23.5211 20.741 144.543 14.2724 55.4789 454.654 138.28 53.7704 
47.189 17.1953 146.155 43.0003 24.569 512.728 148.357 34.4415 
47.189 17.1953 146.155 43.0003 24.569 512.728 148.357 34.4415 
47.189 17.1953 146.155 43.0003 24.569 512.728 148.357 34.4415 
47.189 17.1953 146.155 43.0003 24.569 512.728 148.357 34.4415 
56.0125 22.5553 149.676 37.1695 16.0434 418.399 160.489 43.5835 
56.0125 22.5553 149.676 37.1695 16.0434 418.399 160.489 43.5835 
56.0125 22.5553 149.676 37.1695 16.0434 418.399 160.489 43.5835 
56.0125 22.5553 149.676 37.1695 16.0434 418.399 160.489 43.5835 
53.8783 24.2642 121.373 27.2836 53.3323 450.472 143.744 23.7287 
53.8783 24.2642 121.373 27.2836 53.3323 450.472 143.744 23.7287 
53.8783 24.2642 121.373 27.2836 53.3323 450.472 143.744 23.7287 
53.8783 24.2642 121.373 27.2836 53.3323 450.472 143.744 23.7287 
17.2858 21.5252 152.494 19.6766 13.4798 473.049 143.064 49.8066 
17.2858 21.5252 152.494 19.6766 13.4798 473.049 143.064 49.8066 
17.2858 21.5252 152.494 19.6766 13.4798 473.049 143.064 49.8066 
17.2858 21.5252 152.494 19.6766 13.4798 473.049 143.064 49.8066 
29.4081 29.4856 149.408 23.6854 57.3977 507.236 105.448 33.9269 
29.4081 29.4856 149.408 23.6854 57.3977 507.236 105.448 33.9269 
29.4081 29.4856 149.408 23.6854 57.3977 507.236 105.448 33.9269 
29.4081 29.4856 149.408 23.6854 57.3977 507.236 105.448 33.9269 
30.2712 44.9669 116.613 10.3654 52.7915 450.51 109.223 11.07 
30.2712 44.9669 116.613 10.3654 52.7915 450.51 109.223 11.07 
30.2712 44.9669 116.613 10.3654 52.7915 450.51 109.223 11.07 
30.2712 44.9669 116.613 10.3654 52.7915 450.51 109.223 11.07 
44.3001 25.6771 117.332 41.0454 31.9022 440.952 147.151 27.1999 
44.3001 25.6771 117.332 41.0454 31.9022 440.952 147.151 27.1999 
44.3001 25.6771 117.332 41.0454 31.9022 440.952 147.151 27.1999 
44.3001 25.6771 117.332 41.0454 31.9022 440.952 147.151 27.1999 
38.5443 31.7881 30.5135 23.0759 36.7152 449.276 146.119 23.7598 
38.5443 31.7881 30.5135 23.0759 36.7152 449.276 146.119 23.7598 
38.5443 31.7881 30.5135 23.0759 36.7152 449.276 146.119 23.7598 
38.5443 31.7881 30.5135 23.0759 36.7152 449.276 146.119 23.7598 
46.4398 56.0326 50.4537 36.0566 44.9244 494.222 118.486 42.3561 
46.4398 56.0326 50.4537 36.0566 44.9244 494.222 118.486 42.3561 
46.4398 56.0326 50.4537 36.0566 44.9244 494.222 118.486 42.3561 
46.4398 56.0326 50.4537 36.0566 44.9244 494.222 118.486 42.3561 
42.5738 57.4802 21.8027 21.7831 18.7201 503.277 106.045 36.8866 
42.5738 57.4802 21.8027 21.7831 18.7201 503.277 106.045 36.8866 
42.5738 57.4802 21.8027 21.7831 18.7201 503.277 106.045 36.8866 
42.5738 57.4802 21.8027 21.7831 18.7201 503.277 106.045 36.8866 
19.6276 11.0832 29.5366 19.0884 35.6857 461.997 125.263 25.2919 
19.6276 11.0832 29.5366 19.0884 35.6857 461.997 125.263 25.2919 
19.6276 11.0832 29.5366 19.0884 35.6857 461.997 125.263 25.2919 
19.6276 11.0832 29.5366 19.0884 35.6857 461.997 125.263 25.2919 
20.048 50.6955 46.5124 53.1853 16.4846 440.511 144.89 12.1352 
20.048 50.6955 46.5124 53.1853 16.4846 440.511 144.89 12.1352 
20.048 50.6955 46.5124 53.1853 16.4846 440.511 144.89 12.1352 
20.048 50.6955 46.5124 53.1853 16.4846 440.511 144.89 12.1352 
20.1131 16.6322 11.8437 44.4472 56.0603 430.347 133.4 15.2939 
20.1131 16.6322 11.8437 44.4472 56.0603 430.347 133.4 15.2939 
20.1131 16.6322 11.8437 44.4472 56.0603 430.347 133.4 15.2939 
20.1131 16.6322 11.8437 44.4472 56.0603 430.347 133.4 15.2939 
57.5047 53.0608 56.4746 21.1618 12.2245 520.284 157.026 19.282 
57.5047 53.0608 56.4746 21.1618 12.2245 520.284 157.026 19.282 
57.5047 53.0608 56.4746 21.1618 12.2245 520.284 157.026 19.282 
57.5047 53.0608 56.4746 21.1618 12.2245 520.284 157.026 19.282 
46.4222 39.2187 19.9684 46.1724 46.8198 481.553 147.773 24.137 
46.4222 39.2187 19.9684 46.1724 46.8198 481.553 147.773 24.137 
46.4222 39.2187 19.9684 46.1724 46.8198 481.553 147.773 24.137 
46.4222 39.2187 19.9684 46.1724 46.8198 481.553 147.773 24.137 
34.3291 30.8066 41.88 20.1858 19.467 469.451 108.589 42.1198 
34.3291 30.8066 41.88 20.1858 19.467 469.451 108.589 42.1198 
34.3291 30.8066 41.88 20.1858 19.467 469.451 108.589 42.1198 
34.3291 30.8066 41.88 20.1858 19.467 469.451 108.589 42.1198 
41.7071 35.8619 43.7326 44.6794 52.5886 470.629 147.811 35.0555 
41.7071 35.8619 43.7326 44.6794 52.5886 470.629 147.811 35.0555 
41.7071 35.8619 43.7326 44.6794 52.5886 470.629 147.811 35.0555 
41.7071 35.8619 43.7326 44.6794 52.5886 470.629 147.811 35.0555 
16.0856 52.5295 38.2738 20.1723 40.5978 521.135 118.224 54.5489 
16.0856 52.5295 38.2738 20.1723 40.5978 521.135 118.224 54.5489 
16.0856 52.5295 38.2738 20.1723 40.5978 521.135 118.224 54.5489 
16.0856 52.5295 38.2738 20.1723 40.5978 521.135 118.224 54.5489 
28.4274 36.9765 14.2988 34.9653 49.4853 521.099 129.248 49.3991 
28.4274 36.9765 14.2988 34.9653 49.4853 521.099 129.248 49.3991 
28.4274 36.9765 14.2988 34.9653 49.4853 521.099 129.248 49.3991 
28.4274 36.9765 14.2988 34.9653 49.4853 521.099 129.248 49.3991 
22.2578 56.8328 10.3757 43.8945 37.3217 469.313 126.236 33.384 
22.2578 56.8328 10.3757 43.8945 37.3217 469.313 126.236 33.384 
22.2578 56.8328 10.3757 43.8945 37.3217 469.313 126.236 33.384 
22.2578 56.8328 10.3757 43.8945 37.3217 469.313 126.236 33.384 
36.9841 46.4639 26.9944 14.8213 49.0424 485.145 132.454 26.464 
36.9841 46.4639 26.9944 14.8213 49.0424 485.145 132.454 26.464 
36.9841 46.4639 26.9944 14.8213 49.0424 485.145 132.454 26.464 
36.9841 46.4639 26.9944 14.8213 49.0424 485.145 132.454 26.464 
53.262 39.0544 35.7927 41.1131 49.2972 509.261 106.66 53.0086 
53.262 39.0544 35.7927 41.1131 49.2972 509.261 106.66 53.0086 
53.262 39.0544 35.7927 41.1131 49.2972 509.261 106.66 53.0086 
53.262 39.0544 35.7927 41.1131 49.2972 509.261 106.66 53.0086 
49.1479 24.0535 17.6866 56.0175 13.595 418.89 118.812 27.0007 
49.1479 24.0535 17.6866 56.0175 13.595 418.89 118.812 27.0007 
49.1479 24.0535 17.6866 56.0175 13.595 418.89 118.812 27.0007 
49.1479 24.0535 17.6866 56.0175 13.595 418.89 118.812 27.0007 
23.1001 38.5487 21.2084 26.8971 19.6521 429.52 148.299 13.1309 
23.1001 38.5487 21.2084 26.8971 19.6521 429.52 148.299 13.1309 
23.1001 38.5487 21.2084 26.8971 19.6521 429.52 148.299 13.1309 
23.1001 38.5487 21.2084 26.8971 19.6521 429.52 148.299 13.1309 
44.657 36.2328 16.8719 39.5662 35.8806 456.199 139.407 27.4908 
44.657 36.2328 16.8719 39.5662 35.8806 456.199 139.407 27.4908 
44.657 36.2328 16.8719 39.5662 35.8806 456.199 139.407 27.4908 
44.657 36.2328 16.8719 39.5662 35.8806 456.199 139.407 27.4908 
54.2714 22.9241 20.2509 53.4072 10.8743 501.531 139.543 44.6303 
54.2714 22.9241 20.2509 53.4072 10.8743 501.531 139.543 44.6303 
54.2714 22.9241 20.2509 53.4072 10.8743 501.531 139.543 44.6303 
54.2714 22.9241 20.2509 53.4072 10.8743 501.531 139.543 44.6303 
10.6956 29.8088 24.3532 36.2543 38.5006 475.341 159.511 23.5838 
10.6956 29.8088 24.3532 36.2543 38.5006 475.341 159.511 23.5838 
10.6956 29.8088 24.3532 36.2543 38.5006 475.341 159.511 23.5838 
10.6956 29.8088 24.3532 36.2543 38.5006 475.341 159.511 23.5838 
11.8165 52.8681 16.1778 22.0683 33.6916 496.794 128.571 18.5003 
11.8165 52.8681 16.1778 22.0683 33.6916 496.794 128.571 18.5003 
11.8165 52.8681 16.1778 22.0683 33.6916 496.794 128.571 18.5003 
11.8165 52.8681 16.1778 22.0683 33.6916 496.794 128.571 18.5003 
35.7636 39.2818 53.2411 28.9064 33.5679 487.67 150.523 37.7931 
35.7636 39.2818 53.2411 28.9064 33.5679 487.67 150.523 37.7931 
35.7636 39.2818 53.2411 28.9064 33.5679 487.67 150.523 37.7931 
35.7636 39.2818 53.2411 28.9064 33.5679 487.67 150.523 37.7931 
57.0863 33.4702 34.6389 45.1282 32.9911 469.218 112.315 44.9121 
57.0863 33.4702 34.6389 45.1282 32.9911 469.218 112.315 44.9121 
57.0863 33.4702 34.6389 45.1282 32.9911 469.218 112.315 44.9121 
57.0863 33.4702 34.6389 45.1282 32.9911 469.218 112.315 44.9121 
50.23 54.8798 46.8114 43.4873 45.2709 476.275 118.188 14.8237 
50.23 54.8798 46.8114 43.4873 45.2709 476.275 118.188 14.8237 
50.23 54.8798 46.8114 43.4873 45.2709 476.275 118.188 14.8237 
50.23 54.8798 46.8114 43.4873 45.2709 476.275 118.188 14.8237 
38.9291 56.5341 19.9892 10.3369 13.0637 495.656 123.026 12.4833 
38.9291 56.5341 19.9892 10.3369 13.0637 495.656 123.026 12.4833 
38.9291 56.5341 19.9892 10.3369 13.0637 495.656 123.026 12.4833 
38.9291 56.5341 19.9892 10.3369 13.0637 495.656 123.026 12.4833 
48.2002 54.3454 17.5243 48.0396 55.2866 507.863 160.328 30.5789 
48.2002 54.3454 17.5243 48.0396 55.2866 507.863 160.328 30.5789 
48.2002 54.3454 17.5243 48.0396 55.2866 507.863 160.328 30.5789 
48.2002 54.3454 17.5243 48.0396 55.2866 507.863 160.328 30.5789 
40.7409 42.5271 40.8741 19.037 17.2863 488.062 135.097 10.5346 
40.7409 42.5271 40.8741 19.037 17.2863 488.062 135.097 10.5346 
40.7409 42.5271 40.8741 19.037 17.2863 488.062 135.097 10.5346 
40.7409 42.5271 40.8741 19.037 17.2863 488.062 135.097 10.5346 
56.0959 32.7997 25.1279 53.9094 26.2981 501.927 138.826 35.3132 
56.0959 32.7997 25.1279 53.9094 26.2981 501.927 138.826 35.3132 
56.0959 32.7997 25.1279 53.9094 26.2981 501.927 138.826 35.3132 
56.0959 32.7997 25.1279 53.9094 26.2981 501.927 138.826 35.3132 
17.4345 53.6293 16.6415 25.4931 34.2441 517.559 153.957 17.141 
17.4345 53.6293 16.6415 25.4931 34.2441 517.559 153.957 17.141 
17.4345 53.6293 16.6415 25.4931 34.2441 517.559 153.957 17.141 
17.4345 53.6293 16.6415 25.4931 34.2441 517.559 153.957 17.141 
11.2123 34.3325 33.6858 50.0119 23.3227 419.541 162.01 49.4544 
11.2123 34.3325 33.6858 50.0119 23.3227 419.541 162.01 49.4544 
11.2123 34.3325 33.6858 50.0119 23.3227 419.541 162.01 49.4544 
11.2123 34.3325 33.6858 50.0119 23.3227 419.541 162.01 49.4544 
49.4322 48.5368 11.0784 37.1133 39.5434 417.926 156.061 29.1815 
49.4322 48.5368 11.0784 37.1133 39.5434 417.926 156.061 29.1815 
49.4322 48.5368 11.0784 37.1133 39.5434 417.926 156.061 29.1815 
49.4322 48.5368 11.0784 37.1133 39.5434 417.926 156.061 29.1815 
37.3659 46.7933 18.5076 17.0014 21.0699 483.778 114.445 30.7745 
37.3659 46.7933 18.5076 17.0014 21.0699 483.778 114.445 30.7745 
37.3659 46.7933 18.5076 17.0014 21.0699 483.778 114.445 30.7745 
37.3659 46.7933 18.5076 17.0014 21.0699 483.778 114.445 30.7745 
38.1213 46.3195 54.9253 56.022 11.664 501.593 126.106 25.1992 
38.1213 46.3195 54.9253 56.022 11.664 501.593 126.106 25.1992 
38.1213 46.3195 54.9253 56.022 11.664 501.593 126.106 25.1992 
38.1213 46.3195 54.9253 56.022 11.664 501.593 126.106 25.1992 
43.8028 19.5809 14.4625 35.3422 15.9537 522.632 141.95 16.0073 
43.8028 19.5809 14.4625 35.3422 15.9537 522.632 141.95 16.0073 
43.8028 19.5809 14.4625 35.3422 15.9537 522.632 141.95 16.0073 
43.8028 19.5809 14.4625 35.3422 15.9537 522.632 141.95 16.0073 
41.507 27.2058 20.033 50.1493 36.8448 434.757 140.052 18.1001 
41.507 27.2058 20.033 50.1493 36.8448 434.757 140.052 18.1001 
41.507 27.2058 20.033 50.1493 36.8448 434.757 140.052 18.1001 
41.507 27.2058 20.033 50.1493 36.8448 434.757 140.052 18.1001 
35.3067 29.047 48.219 34.032 42.009 514.011 128.052 50.1731 
35.3067 29.047 48.219 34.032 42.009 514.011 128.052 50.1731 
35.3067 29.047 48.219 34.032 42.009 514.011 128.052 50.1731 
35.3067 29.047 48.219 34.032 42.009 514.011 128.052 50.1731 
50.5517 28.1263 12.96 14.5912 42.9046 422.305 158.508 12.5762 
50.5517 28.1263 12.96 14.5912 42.9046 422.305 158.508 12.5762 
50.5517 28.1263 12.96 14.5912 42.9046 422.305 158.508 12.5762 
50.5517 28.1263 12.96 14.5912 42.9046 422.305 158.508 12.5762 
23.1703 38.2422 42.6597 54.0864 41.5425 424.817 122.838 49.7266 
23.1703 38.2422 42.6597 54.0864 41.5425 424.817 122.838 49.7266 
23.1703 38.2422 42.6597 54.0864 41.5425 424.817 122.838 49.7266 
23.1703 38.2422 42.6597 54.0864 41.5425 424.817 122.838 49.7266 
11.2405 18.1001 17.886 29.6935 25.3436 486.236 147.677 24.9248 
11.2405 18.1001 17.886 29.6935 25.3436 486.236 147.677 24.9248 
11.2405 18.1001 17.886 29.6935 25.3436 486.236 147.677 24.9248 
11.2405 18.1001 17.886 29.6935 25.3436 486.236 147.677 24.9248 
50.9395 32.4857 17.6212 46.7169 36.4395 420.549 125.103 39.7115 
50.9395 32.4857 17.6212 46.7169 36.4395 420.549 125.103 39.7115 
50.9395 32.4857 17.6212 46.7169 36.4395 420.549 125.103 39.7115 
50.9395 32.4857 17.6212 46.7169 36.4395 420.549 125.103 39.7115 
49.9353 30.9942 15.7637 28.9102 27.2887 421.686 140.883 53.486 
49.9353 30.9942 15.7637 28.9102 27.2887 421.686 140.883 53.486 
49.9353 30.9942 15.7637 28.9102 27.2887 421.686 140.883 53.486 
49.9353 30.9942 15.7637 28.9102 27.2887 421.686 140.883 53.486 
28.9816 44.1197 23.754 42.253 14.6681 472.63 127.707 16.5773 
28.9816 44.1197 23.754 42.253 14.6681 472.63 127.707 16.5773 
28.9816 44.1197 23.754 42.253 14.6681 472.63 127.707 16.5773 
28.9816 44.1197 23.754 42.253 14.6681 472.63 127.707 16.5773 
47.0808 32.7099 17.6619 24.2814 44.8885 447.275 115.068 28.1788 
47.0808 32.7099 17.6619 24.2814 44.8885 447.275 115.068 28.1788 
47.0808 32.7099 17.6619 24.2814 44.8885 447.275 115.068 28.1788 
47.0808 32.7099 17.6619 24.2814 44.8885 447.275 115.068 28.1788 
54.609 35.5519 46.9474 54.0589 10.3305 417.507 144.097 54.9428 
54.609 35.5519 46.9474 54.0589 10.3305 417.507 144.097 54.9428 
54.609 35.5519 46.9474 54.0589 10.3305 417.507 144.097 54.9428 
54.609 35.5519 46.9474 54.0589 10.3305 417.507 144.097 54.9428 
41.2744 41.7891 29.9242 23.6771 30.0991 465.943 111.965 45.308 
41.2744 41.7891 29.9242 23.6771 30.0991 465.943 111.965 45.308 
41.2744 41.7891 29.9242 23.6771 30.0991 465.943 111.965 45.308 
41.2744 41.7891 29.9242 23.6771 30.0991 465.943 111.965 45.308 
48.2642 42.4066 38.982 48.2006 41.6804 487.682 106.861 42.4589 
48.2642 42.4066 38.982 48.2006 41.6804 487.682 106.861 42.4589 
48.2642 42.4066 38.982 48.2006 41.6804 487.682 106.861 42.4589 
48.2642 42.4066 38.982 48.2006 41.6804 487.682 106.861 42.4589 
27.3558 37.1836 49.811 21.5644 53.4236 445.403 148.997 48.4304 
27.3558 37.1836 49.811 21.5644 53.4236 445.403 148.997 48.4304 
27.3558 37.1836 49.811 21.5644 53.4236 445.403 148.997 48.4304 
27.3558 37.1836 49.811 21.5644 53.4236 445.403 148.997 48.4304 
71.6416 54.3128 55.203 44.3714 17.0443 513.801 131.553 62.6372 
71.6416 54.3128 55.203 44.3714 17.0443 513.801 131.553 62.6372 
71.6416 54.3128 55.203 44.3714 17.0443 513.801 131.553 62.6372 
71.6416 54.3128 55.203 44.3714 17.0443 513.801 131.553 62.6372 
54.0707 55.4408 46.5581 56.9244 34.4102 429.262 161.74 73.973 
54.0707 55.4408 46.5581 56.9244 34.4102 429.262 161.74 73.973 
54.0707 55.4408 46.5581 56.9244 34.4102 429.262 161.74 73.973 
54.0707 55.4408 46.5581 56.9244 34.4102 429.262 161.74 73.973 
103.376 26.8406 11.0898 43.1211 57.5531 478.408 125.419 101.531 
103.376 26.8406 11.0898 43.1211 57.5531 478.408 125.419 101.531 
103.376 26.8406 11.0898 43.1211 57.5531 478.408 125.419 101.531 
103.376 26.8406 11.0898 43.1211 57.5531 478.408 125.419 101.531 
67.6301 42.8505 42.4962 48.3878 13.661 515.138 148.29 103.043 
67.6301 42.8505 42.4962 48.3878 13.661 515.138 148.29 103.043 
67.6301 42.8505 42.4962 48.3878 13.661 515.138 148.29 103.043 
67.6301 42.8505 42.4962 48.3878 13.661 515.138 148.29 103.043 
119.467 46.5574 40.7532 11.973 56.597 487.803 142.159 131.633 
119.467 46.5574 40.7532 11.973 56.597 487.803 142.159 131.633 
119.467 46.5574 40.7532 11.973 56.597 487.803 142.159 131.633 
119.467 46.5574 40.7532 11.973 56.597 487.803 142.159 131.633 
149.233 23.666 11.4784 22.8047 18.8824 489.216 105.326 125.942 
149.233 23.666 11.4784 22.8047 18.8824 489.216 105.326 125.942 
149.233 23.666 11.4784 22.8047 18.8824 489.216 105.326 125.942 
149.233 23.666 11.4784 22.8047 18.8824 489.216 105.326 125.942 
156.139 54.7715 56.746 27.089 33.8329 423.628 118.466 138.791 
156.139 54.7715 56.746 27.089 33.8329 423.628 118.466 138.791 
156.139 54.7715 56.746 27.089 33.8329 423.628 118.466 138.791 
156.139 54.7715 56.746 27.089 33.8329 423.628 118.466 138.791 
209.022 55.0891 44.8568 24.4988 37.4666 462.179 153.046 239.861 
209.022 55.0891 44.8568 24.4988 37.4666 462.179 153.046 239.861 
209.022 55.0891 44.8568 24.4988 37.4666 462.179 153.046 239.861 
209.022 55.0891 44.8568 24.4988 37.4666 462.179 153.046 239.861 
271.934 72.9748 25.7238 35.2579 22.6682 472.449 107.557 256.671 
271.934 72.9748 25.7238 35.2579 22.6682 472.449 107.557 256.671 
271.934 72.9748 25.7238 35.2579 22.6682 472.449 107.557 256.671 
271.934 72.9748 25.7238 35.2579 22.6682 472.449 107.557 256.671 
370.139 79.8516 28.5199 52.5573 46.8132 512.332 143.234 330.769 
370.139 79.8516 28.5199 52.5573 46.8132 512.332 143.234 330.769 
370.139 79.8516 28.5199 52.5573 46.8132 512.332 143.234 330.769 
370.139 79.8516 28.5199 52.5573 46.8132 512.332 143.234 330.769 
506.577 115.79 23.1884 30.6401 55.3134 436.211 118.622 490.681 
506.577 115.79 23.1884 30.6401 55.3134 436.211 118.622 490.681 
506.577 115.79 23.1884 30.6401 55.3134 436.211 118.622 490.681 
506.577 115.79 23.1884 30.6401 55.3134 436.211 118.622 490.681 
587.449 118.423 13.8282 26.2337 45.4078 443.04 128.257 572.013 
587.449 118.423 13.8282 26.2337 45.4078 443.04 128.257 572.013 
587.449 118.423 13.8282 26.2337 45.4078 443.04 128.257 572.013 
587.449 118.423 13.8282 26.2337 45.4078 443.04 128.257 572.013 
813.678 230.184 56.5282 35.9746 35.6824 424.605 168.63 925.929 
813.678 230.184 56.5282 35.9746 35.6824 424.605 168.63 925.929 
813.678 230.184 56.5282 35.9746 35.6824 424.605 168.63 925.929 
813.678 230.184 56.5282 35.9746 35.6824 424.605 168.63 925.929 
1402.04 293.061 13.3727 20.6443 21.5748 517.599 289.618 1376.93 
1402.04 293.061 13.3727 20.6443 21.5748 517.599 289.618 1376.93 
1402.04 293.061 13.3727 20.6443 21.5748 517.599 289.618 1376.93 
1402.04 293.061 13.3727 20.6443 21.5748 517.599 289.618 1376.93 
2074.55 411.541 28.9352 14.3661 26.565 468.602 399.602 1958.75 
2074.55 411.541 28.9352 14.3661 26.565 468.602 399.602 1958.75 
2074.55 411.541 28.9352 14.3661 26.565 468.602 399.602 1958.75 
2074.55 411.541 28.9352 14.3661 26.565 468.602 399.602 1958.75 
2630.45 619.362 28.2894 56.2872 48.1981 453.6 540.742 2752.41 
2630.45 619.362 28.2894 56.2872 48.1981 453.6 540.742 2752.41 
2630.45 619.362 28.2894 56.2872 48.1981 453.6 540.742 2752.41 
2630.45 619.362 28.2894 56.2872 48.1981 453.6 540.742 2752.41 
2896.62 635.985 12.0492 54.8878 31.0367 502.479 627.152 2884.29 
2896.62 635.985 12.0492 54.8878 31.0367 502.479 627.152 2884.29 
2896.62 635.985 12.0492 54.8878 31.0367 502.479 627.152 2884.29 
2896.62 635.985 12.0492 54.8878 31.0367 502.479 627.152 2884.29 
2875.1 583.843 18.4746 31.9874 17.6623 497.117 573.537 2897.13 
2875.1 583.843 18.4746 31.9874 17.6623 497.117 573.537 2897.13 
2875.1 583.843 18.4746 31.9874 17.6623 497.117 573.537 2897.13 
2875.1 583.843 18.4746 31.9874 17.6623 497.117 573.537 2897.13 
2948.65 659.97 27.3623 15.5549 32.7959 415.671 641.646 2952.7 
2948.65 659.97 27.3623 15.5549 32.7959 415.671 641.646 2952.7 
2948.65 659.97 27.3623 15.5549 32.7959 415.671 641.646 2952.7 
2948.65 659.97 27.3623 15.5549 32.7959 415.671 641.646 2952.7 
2913.18 651.478 47.9726 45.7573 29.4803 476.609 677.722 2870.38 
2913.18 651.478 47.9726 45.7573 29.4803 476.609 677.722 2870.38 
2913.18 651.478 47.9726 45.7573 29.4803 476.609 677.722 2870.38 
2913.18 651.478 47.9726 45.7573 29.4803 476.609 677.722 2870.38 
2980.67 605.476 45.5501 42.6539 51.6873 502.285 554.785 2871.88 
2980.67 605.476 45.5501 42.6539 51.6873 502.285 554.785 2871.88 
2980.67 605.476 45.5501 42.6539 51.6873 502.285 554.785 2871.88 
2980.67 605.476 45.5501 42.6539 51.6873 502.285 554.785 2871.88 
2839.22 641.266 24.1259 51.9637 22.1909 496.179 614.424 2754.14 
2839.22 641.266 24.1259 51.9637 22.1909 496.179 614.424 2754.14 
2839.22 641.266 24.1259 51.9637 22.1909 496.179 614.424 2754.14 
2839.22 641.266 24.1259 51.9637 22.1909 496.179 614.424 2754.14 
2755.94 554.452 30.6614 53.2619 15.0656 488.647 612.467 2763.28 
2755.94 554.452 30.6614 53.2619 15.0656 488.647 612.467 2763.28 
2755.94 554.452 30.6614 53.2619 15.0656 488.647 612.467 2763.28 
2755.94 554.452 30.6614 53.2619 15.0656 488.647 612.467 2763.28 
3005.57 643.924 29.5419 47.4456 41.5123 523.665 639.158 3008.98 
3005.57 643.924 29.5419 47.4456 41.5123 523.665 639.158 3008.98 
3005.57 643.924 29.5419 47.4456 41.5123 523.665 639.158 3008.98 
3005.57 643.924 29.5419 47.4456 41.5123 523.665 639.158 3008.98 
2873.51 557.723 50.42 10.2628 40.5754 442.383 607.971 2788.25 
2873.51 557.723 50.42 10.2628 40.5754 442.383 607.971 2788.25 
2873.51 557.723 50.42 10.2628 40.5754 442.383 607.971 2788.25 
2873.51 557.723 50.42 10.2628 40.5754 442.383 607.971 2788.25 
2920.56 591.127 52.4606 57.6292 40.8637 478.164 597.017 2774.65 
2920.56 591.127 52.4606 57.6292 40.8637 478.164 597.017 2774.65 
2920.56 591.127 52.4606 57.6292 40.8637 478.164 597.017 2774.65 
2920.56 591.127 52.4606 57.6292 40.8637 478.164 597.017 2774.65 
2985.4 668.451 33.3543 32.3256 19.4547 515.613 621.858 2813.33 
2985.4 668.451 33.3543 32.3256 19.4547 515.613 621.858 2813.33 
2985.4 668.451 33.3543 32.3256 19.4547 515.613 621.858 2813.33 
2985.4 668.451 33.3543 32.3256 19.4547 515.613 621.858 2813.33 
2936.6 638.515 10.6629 17.8778 57.8482 471.712 652.856 2923.91 
2936.6 638.515 10.6629 17.8778 57.8482 471.712 652.856 2923.91 
2936.6 638.515 10.6629 17.8778 57.8482 471.712 652.856 2923.91 
2936.6 638.515 10.6629 17.8778 57.8482 471.712 652.856 2923.91 
2996.84 636.025 48.0591 45.0621 39.448 483.662 621.831 2880.44 
2996.84 636.025 48.0591 45.0621 39.448 483.662 621.831 2880.44 
2996.84 636.025 48.0591 45.0621 39.448 483.662 621.831 2880.44 
2996.84 636.025 48.0591 45.0621 39.448 483.662 621.831 2880.44 
2989.49 641.801 25.0337 23.9065 18.0288 467.608 583.454 2949.05 
2989.49 641.801 25.0337 23.9065 18.0288 467.608 583.454 2949.05 
2989.49 641.801 25.0337 23.9065 18.0288 467.608 583.454 2949.05 
2989.49 641.801 25.0337 23.9065 18.0288 467.608 583.454 2949.05 
2761.31 641.996 11.7864 42.2476 45.7414 429.646 606.388 2855.02 
2761.31 641.996 11.7864 42.2476 45.7414 429.646 606.388 2855.02 
2761.31 641.996 11.7864 42.2476 45.7414 429.646 606.388 2855.02 
2761.31 641.996 11.7864 42.2476 45.7414 429.646 606.388 2855.02 
2888.97 678.812 23.03 55.7647 36.7735 435.682 591.983 2976.98 
2888.97 678.812 23.03 55.7647 36.7735 435.682 591.983 2976.98 
2888.97 678.812 23.03 55.7647 36.7735 435.682 591.983 2976.98 
2888.97 678.812 23.03 55.7647 36.7735 435.682 591.983 2976.98 
2858.08 631.083 33.91 45.9927 39.3873 519.137 577.922 2910.96 
2858.08 631.083 33.91 45.9927 39.3873 519.137 577.922 2910.96 
2858.08 631.083 33.91 45.9927 39.3873 519.137 577.922 2910.96 
2858.08 631.083 33.91 45.9927 39.3873 519.137 577.922 2910.96 
2979 659.001 55.3254 31.955 17.9303 416.459 652.365 2838.61 
2979 659.001 55.3254 31.955 17.9303 416.459 652.365 2838.61 
2979 659.001 55.3254 31.955 17.9303 416.459 652.365 2838.61 
2979 659.001 55.3254 31.955 17.9303 416.459 652.365 2838.61 
2794.56 658.407 51.8722 22.8359 43.1808 462.845 618.584 2751.73 
2794.56 658.407 51.8722 22.8359 43.1808 462.845 618.584 2751.73 
2794.56 658.407 51.8722 22.8359 43.1808 462.845 618.584 2751.73 
2794.56 658.407 51.8722 22.8359 43.1808 462.845 618.584 2751.73 
2983.8 558.92 54.0281 19.4901 40.0625 502.812 605.375 2757.38 
2983.8 558.92 54.0281 19.4901 40.0625 502.812 605.375 2757.38 
2983.8 558.92 54.0281 19.4901 40.0625 502.812 605.375 2757.38 
2983.8 558.92 54.0281 19.4901 40.0625 502.812 605.375 2757.38 
3023.26 592.095 11.985 43.4115 34.1822 512.675 598.792 2899.67 
3023.26 592.095 11.985 43.4115 34.1822 512.675 598.792 2899.67 
3023.26 592.095 11.985 43.4115 34.1822 512.675 598.792 2899.67 
3023.26 592.095 11.985 43.4115 34.1822 512.675 598.792 2899.67 
3029.75 621.973 41.5862 51.8126 11.967 420.359 674.712 2849.98 
3029.75 621.973 41.5862 51.8126 11.967 420.359 674.712 2849.98 
3029.75 621.973 41.5862 51.8126 11.967 420.359 674.712 2849.98 
3029.75 621.973 41.5862 51.8126 11.967 420.359 674.712 2849.98 
2764.61 572.641 27.966 16.0481 45.1763 430.085 565.721 2910.53 
2764.61 572.641 27.966 16.0481 45.1763 430.085 565.721 2910.53 
2764.61 572.641 27.966 16.0481 45.1763 430.085 565.721 2910.53 
2764.61 572.641 27.966 16.0481 45.1763 430.085 565.721 2910.53 
2958.82 616.913 57.6281 46.1064 39.7746 451.611 657.972 2751.6 
2958.82 616.913 57.6281 46.1064 39.7746 451.611 657.972 2751.6 
2958.82 616.913 57.6281 46.1064 39.7746 451.611 657.972 2751.6 
2958.82 616.913 57.6281 46.1064 39.7746 451.611 657.972 2751.6 
2850.68 653.186 29.8625 25.496 54.2535 441.07 641.617 2940.31 
2850.68 653.186 29.8625 25.496 54.2535 441.07 641.617 2940.31 
2850.68 653.186 29.8625 25.496 54.2535 441.07 641.617 2940.31 
2850.68 653.186 29.8625 25.496 54.2535 441.07 641.617 2940.31 
2917.74 576.811 27.5759 10.9963 54.8485 458.037 678.207 2832.39 
2917.74 576.811 27.5759 10.9963 54.8485 458.037 678.207 2832.39 
2917.74 576.811 27.5759 10.9963 54.8485 458.037 678.207 2832.39 
2917.74 576.811 27.5759 10.9963 54.8485 458.037 678.207 2832.39 
2854.29 579.823 26.3691 25.7212 18.9423 475.248 585.004 2877.08 
2854.29 579.823 26.3691 25.7212 18.9423 475.248 585.004 2877.08 
2854.29 579.823 26.3691 25.7212 18.9423 475.248 585.004 2877.08 
2854.29 579.823 26.3691 25.7212 18.9423 475.248 585.004 2877.08 
2825.09 554.416 48.6454 20.207 39.3062 428.507 567.972 2843.66 
2825.09 554.416 48.6454 20.207 39.3062 428.507 567.972 2843.66 
2825.09 554.416 48.6454 20.207 39.3062 428.507 567.972 2843.66 
2825.09 554.416 48.6454 20.207 39.3062 428.507 567.972 2843.66 
2783.98 569.998 29.6063 13.8451 55.1581 463.087 678.487 2938.55 
2783.98 569.998 29.6063 13.8451 55.1581 463.087 678.487 2938.55 
2783.98 569.998 29.6063 13.8451 55.1581 463.087 678.487 2938.55 
2783.98 569.998 29.6063 13.8451 55.1581 463.087 678.487 2938.55 
3034.31 602.409 25.6641 23.3393 46.917 514.807 569.521 2917.37 
3034.31 602.409 25.6641 23.3393 46.917 514.807 569.521 2917.37 
3034.31 602.409 25.6641 23.3393 46.917 514.807 569.521 2917.37 
3034.31 602.409 25.6641 23.3393 46.917 514.807 569.521 2917.37 
2981.35 662.223 21.5099 42.0237 42.5441 420.025 602.549 2962.71 
2981.35 662.223 21.5099 42.0237 42.5441 420.025 602.549 2962.71 
2981.35 662.223 21.5099 42.0237 42.5441 420.025 602.549 2962.71 
2981.35 662.223 21.5099 42.0237 42.5441 420.025 602.549 2962.71 
2750.28 628.226 30.5095 44.8045 12.4716 514.092 622.764 2845.29 
2750.28 628.226 30.5095 44.8045 12.4716 514.092 622.764 2845.29 
2750.28 628.226 30.5095 44.8045 12.4716 514.092 622.764 2845.29 
2750.28 628.226 30.5095 44.8045 12.4716 514.092 622.764 2845.29 
2831.51 564.205 19.2241 45.875 11.5984 422.328 669.084 2912.28 
2831.51 564.205 19.2241 45.875 11.5984 422.328 669.084 2912.28 
2831.51 564.205 19.2241 45.875 11.5984 422.328 669.084 2912.28 
2831.51 564.205 19.2241 45.875 11.5984 422.328 669.084 2912.28 
2869.5 638.392 53.8807 55.6756 25.776 450.566 600.552 2790.03 
